0.9996659101625436 0.16634793110171803 
2.6476478731202137E-9 1.0009044474419209 
0.03807190516969562 0.8167346273454769 
0.7355860113927433 0.2783427828551071 
0.6744198498413194 0.30675386500750534 
0.7129076826489666 0.2892791676598989 
0.017902235090173302 0.8803809094927808 
0.9132214845420836 0.20151356833120784 
0.42040467636288564 0.4416830673868434 
0.059752363811136515 0.773060773986735 
0.05193136048769878 0.7875019258467327 
0.6476436471633411 0.3196380365249961 
0.06987749710744978 0.7553461248289371 
0.5322039638371897 0.3837565149578161 
0.24331114909082088 0.5667924878753842 
0.975787424703694 0.17601154656443455 
0.49122053195090665 0.4006178467713525 
0.5445727082314106 0.37265737427184076 
0.3269337374988396 0.5021575110338675 
0.7524255092055718 0.2706627771934686 
0.03153323405953529 0.8329933491846291 
0.8477733018710651 0.22886192485664777 
0.30772306430902435 0.5156737079495737 
0.4763100771749385 0.40925563444322594 
0.024553153148709705 0.8525397242889223 
0.4535282942868569 0.4222832078719969 
0.36995307142088873 0.4733618822716625 
0.8863391187271592 0.21252766372073498 
0.8005894197329553 0.24931049711652278 
0.6321018082496392 0.32929219515550345 
0.6982279696806342 0.29586651151511617 
0.46938148582301176 0.4173022627870384 
5.209846266478958E-4 0.9784675912270587 
0.08176623521887683 0.7367123353003354 
0.005664982843433962 0.927305106055441 
0.3881703625056399 0.4618036261714988 
0.8709380073459805 0.22173118331641725 
0.3359517436601269 0.49593657843370764 
0.6171333744576072 0.3348793660711025 
0.009148442708647064 0.9080340745638626 
0.25541502595936627 0.5552294701934058 
0.7784105606419431 0.2591488180673494 
0.3549179941562108 0.4830791337920487 
0.08891880895257837 0.7262643223909955 
0.07590569073503144 0.7456777286694447 
0.7885093124180175 0.25500205098854545 
0.4417999883146464 0.4289523742484239 
0.21654029456571836 0.5873361220311807 
0.17274474167340348 0.6280534434431938 
0.13675774263441912 0.6659701813902958 
0.8616734202475074 0.22282853824785798 
0.5141160322101979 0.387986557915924 
0.0028186929149397466 0.9486966873853372 
0.11483031011539904 0.6918529431070936 
0.14250293529835706 0.6592971918231277 
0.9234168608921447 0.1972863100837754 
0.562062346348108 0.3626659619809238 
0.1564641589419749 0.6467326437295812 
0.6086253219043763 0.33956270423718166 
0.5033916545859631 0.39405100857135933 
0.20403042105602778 0.598544748421084 
0.6020699900853026 0.3473719317553178 
0.9733792504962944 0.18239236951361038 
0.18449186955012778 0.6166876235509152 
0.8150252611044649 0.2428920832864079 
0.94097835976083 0.19075714765680252 
0.006575898428108906 0.9217731447224679 
0.09440601685066702 0.7184045450264379 
0.8856425241310513 0.21280687196711978 
0.10671137983485407 0.7019283531708773 
0.3647975314450384 0.47670509038664755 
0.02729547999768102 0.8431935830684857 
0.22606487281870252 0.5789338996646979 
0.2099917710981472 0.5936546897102578 
0.09879276993327146 0.7123516414267402 
0.8340974164791626 0.23496951093810686 
0.26000222374798215 0.5513732431020193 
0.5563198471132469 0.3665008449070869 
0.40305517212427594 0.4525095215181294 
0.9577508425406132 0.18422530762855305 
0.23268480930649382 0.5743909138746078 
0.9337537555779143 0.19289269290213082 
0.18122772753900834 0.619752011222904 
0.012974315836331407 0.8911092396387758 
0.052898402842249254 0.7852823561427668 
0.9517946688002501 0.18561605491370375 
0.2775723143421828 0.5385969361258394 
0.011668771125123711 0.8962739989699354 
2.2529465400319764E-4 0.9964833757935365 
0.40305517212427594 0.4525095215181294 
0.8189153651444314 0.24141104687565257 
0.16496532735763805 0.6358217940701051 
0.2921964880395355 0.5274051618916431 
0.2989909389453208 0.5217896189722784 
0.7654041238865815 0.2649358653751947 
0.8311422198145676 0.23646306311218326 
0.12039644551015294 0.6846210001539247 
0.39201979513716834 0.4592813850331439 
0.19439710764844226 0.6074891509760689 
0.5789574503574801 0.3543008445503003 
